
--- Rania ROW 164 ---
  ABB(ABB): 385.029400000001
  ABL(ABL): 200

--- Mohammed  Suhail ROW 111 ---
  ABB(ABB): 164.6653
  ABC(ABC): 200
Sheet Ibtisam row 410 not found

--- Fayez ROW 895 ---
  ABB(ABB): 4447.821
  ABC(ABC): 300

--- Mahmoud Basem ROW 492 ---
  ABB(ABB): 1073.1303
  ABL(ABL): 250

--- Samirah ROW 350 ---
  AMK(AMK): 405.57161
